  0.0000    1    2.000   1.0000          evt1
  2.0000    0    3.000   1.0000          NULL 
  5.0000    1    2.000   1.0000          evt1
  7.0000    0    5.000   1.0000          NULL 
 12.0000    1    2.000   1.0000          evt1
 14.0000    0    3.000   1.0000          NULL 
 17.0000    1    2.000   1.0000          evt1
 19.0000    0    5.000   1.0000          NULL 
 24.0000    1    2.000   1.0000          evt1
 26.0000    0    9.000   1.0000          NULL 
 35.0000    1    2.000   1.0000          evt1
 37.0000    0    3.000   1.0000          NULL 
 40.0000    1    2.000   1.0000          evt1
 42.0000    0    2.000   1.0000          NULL 
 44.0000    1    2.000   1.0000          evt1
 46.0000    0    9.000   1.0000          NULL 
 55.0000    1    2.000   1.0000          evt1
 57.0000    0    2.000   1.0000          NULL 
 59.0000    1    2.000   1.0000          evt1
 61.0000    0    5.000   1.0000          NULL 
 66.0000    1    2.000   1.0000          evt1
 68.0000    0    2.000   1.0000          NULL 
 70.0000    1    2.000   1.0000          evt1
 72.0000    0    2.000   1.0000          NULL 
 74.0000    1    2.000   1.0000          evt1
 76.0000    0    4.000   1.0000          NULL 
 80.0000    1    2.000   1.0000          evt1
 82.0000    0    3.000   1.0000          NULL 
 85.0000    1    2.000   1.0000          evt1
 87.0000    0    9.000   1.0000          NULL 
 96.0000    1    2.000   1.0000          evt1
 98.0000    0    3.000   1.0000          NULL 
101.0000    1    2.000   1.0000          evt1
103.0000    0    7.000   1.0000          NULL 
110.0000    1    2.000   1.0000          evt1
112.0000    0    2.000   1.0000          NULL 
114.0000    1    2.000   1.0000          evt1
116.0000    0    7.000   1.0000          NULL 
123.0000    1    2.000   1.0000          evt1
125.0000    0    2.000   1.0000          NULL 
127.0000    1    2.000   1.0000          evt1
129.0000    0    2.000   1.0000          NULL 
131.0000    1    2.000   1.0000          evt1
133.0000    0    8.000   1.0000          NULL 
141.0000    1    2.000   1.0000          evt1
143.0000    0    8.000   1.0000          NULL 
151.0000    1    2.000   1.0000          evt1
153.0000    0    7.000   1.0000          NULL 
160.0000    1    2.000   1.0000          evt1
162.0000    0    6.000   1.0000          NULL 
168.0000    1    2.000   1.0000          evt1
170.0000    0    4.000   1.0000          NULL 
174.0000    1    2.000   1.0000          evt1
176.0000    0    2.000   1.0000          NULL 
178.0000    1    2.000   1.0000          evt1
180.0000    0    2.000   1.0000          NULL 
182.0000    1    2.000   1.0000          evt1
184.0000    0    7.000   1.0000          NULL 
191.0000    1    2.000   1.0000          evt1
193.0000    0    3.000   1.0000          NULL 
196.0000    1    2.000   1.0000          evt1
198.0000    0    2.000   1.0000          NULL 
200.0000    1    2.000   1.0000          evt1
202.0000    0   10.000   1.0000          NULL 
212.0000    1    2.000   1.0000          evt1
214.0000    0    3.000   1.0000          NULL 
217.0000    1    2.000   1.0000          evt1
219.0000    0    5.000   1.0000          NULL 
224.0000    1    2.000   1.0000          evt1
226.0000    0    7.000   1.0000          NULL 
233.0000    1    2.000   1.0000          evt1
235.0000    0    4.000   1.0000          NULL 
239.0000    1    2.000   1.0000          evt1
241.0000    0    2.000   1.0000          NULL 
243.0000    1    2.000   1.0000          evt1
245.0000    0    8.000   1.0000          NULL 
253.0000    1    2.000   1.0000          evt1
255.0000    0    4.000   1.0000          NULL 
259.0000    1    2.000   1.0000          evt1
261.0000    0    7.000   1.0000          NULL 
268.0000    1    2.000   1.0000          evt1
270.0000    0    4.000   1.0000          NULL 
274.0000    1    2.000   1.0000          evt1
276.0000    0    7.000   1.0000          NULL 
283.0000    1    2.000   1.0000          evt1
285.0000    0    6.000   1.0000          NULL 
291.0000    1    2.000   1.0000          evt1
293.0000    0    3.000   1.0000          NULL 
296.0000    1    2.000   1.0000          evt1
298.0000    0    3.000   1.0000          NULL 
301.0000    1    2.000   1.0000          evt1
303.0000    0    7.000   1.0000          NULL 
310.0000    1    2.000   1.0000          evt1
312.0000    0    2.000   1.0000          NULL 
314.0000    1    2.000   1.0000          evt1
316.0000    0   14.000   1.0000          NULL 
